1 フシギダネ 49 45 49 65 65 45
2 フシギソウ 62 60 63 80 80 60
3 フシギバナ 82 80 83 100 100 80
4 ヒトカゲ 52 39 43 60 50 65
5 リザード 64 58 58 80 65 80
6 リザードン 84 78 78 109 85 100
7 ゼニガメ 48 44 65 50 64 43
8 カメール 63 59 80 65 80 58
9 カメックス 83 79 100 85 105 78
10 キャタピー 30 45 35 20 20 45
11 トランセル 20 50 55 25 25 30
12 バタフリー 45 60 50 90 80 70
13 ビードル 35 45 30 20 30 50
14 コクーン 25 50 55 25 25 35
15 スピアー 65 65 40 45 40 80
16 ポッポ 30 40 35 35 35 56
17 ピジョン 35 63 30 45 30 71
18 ピジョット 70 83 70 70 70 101
19 コラッタ 56 30 35 25 35 72
20 ラッタ 71 55 35 50 70 97
21 オニスズメ 60 40 30 31 31 70
22 オニドリル 85 65 45 50 45 95
23 アーボ 60 35 65 45 45 50
24 アーボック 85 60 65 65 79 80
25 ピカチュウ 55 35 40 50 50 90
26 ライチュウ 90 60 55 90 80 110
27 サンド 30 50 55 25 25 35
28 サンドパン 55 75 80 30 30 40
29 ニドラン♀ 47 55 52 40 40 41
30 ニドリーナ 62 70 67 55 55 56
31 ニドクイン 92 90 87 75 85 76
32 ニドラン♂ 57 46 40 40 40 50
33 ニドリーノ 72 61 57 55 55 65
34 ニドキング 102 81 77 85 75 85
35 ピッピ 45 70 48 60 65 43
36 ピクシー 50 75 53 65 70 50
37 ロコン 41 38 40 50 65 65
38 キュウコン 73 78 75 80 100 100
39 プリン 48 60 65 43 50 42
40 プクリン 55 80 85 60 70 55
41 ズバット 45 30 35 30 40 55
42 ゴルバット 80 75 70 65 75 90
43 ナゾノクサ 50 45 55 75 65 30
44 クサイハナ 65 60 75 85 75 40
45 ラフレシア 80 75 90 110 100 50
46 パラス 70 35 55 45 55 25
47 パラセクト 95 60 80 60 80 30
48 コンパン 30 40 55 40 40 50
49 モルフォン 50 63 80 65 80 75
50 ディグダ 80 10 15 35 45 120
51 ダグトリオ 100 35 35 50 70 120
52 ニャース 45 40 35 40 40 90
53 ペルシアン 70 65 60 65 65 115
54 コダック 40 35 30 50 55 65
55 ゴルダック 82 80 78 95 80 109
56 マンキー 80 40 35 35 45 70
57 オコリザル 105 65 60 60 70 95
58 ガーディ 65 65 65 35 55 85
59 ウインディ 80 90 80 50 80 100
60 ニョロモ 50 40 40 50 40 90
61 ニョロゾ 65 50 50 85 65 95
62 ニョロボン 95 80 80 110 95 70
63 ケーシィ 35 25 35 95 95 70
64 ユンゲラー 50 35 50 105 105 95
65 フーディン 95 65 65 125 115 110
66 ワンリキー 80 50 50 35 35 35
67 ゴーリキー 105 65 65 50 50 45
68 カイリキー 130 90 80 65 85 50
69 マダツボミ 80 65 65 50 50 30
70 ウツドン 105 90 85 65 75 50
71 ウツボット 125 115 100 85 95 65
72 メノクラゲ 30 40 35 55 55 85
73 ドククラゲ 40 65 45 80 80 75
74 イシツブテ 70 30 100 30 30 40
75 ゴローン 95 50 160 40 40 70
76 ゴローニャ 110 60 230 50 50 40
77 ポニータ 85 50 55 65 65 90
78 ギャロップ 100 65 70 80 80 100
79 ヤドン 50 90 70 85 85 40
80 ヤドラン 65 95 110 95 95 80
81 コイル 35 25 90 25 25 35
82 レアコイル 70 50 105 55 55 40
83 カモネギ 55 35 45 35 45 50
84 ドードー 85 60 45 35 35 75
85 ドードリオ 110 60 70 60 60 100
86 パウワウ 40 45 40 35 35 55
87 ジュゴン 50 65 95 45 45 55
88 ベトベター 45 50 55 40 55 45
89 ベトベトン 80 80 80 70 80 70
90 シェルダー 65 30 100 45 25 40
91 パルシェン 90 50 180 85 45 70
92 ゴース 30 30 35 100 35 80
93 ゴースト 40 45 50 115 55 95
94 ゲンガー 65 60 60 130 75 110
95 イワーク 85 60 140 30 30 50
96 スリープ 48 63 60 43 55 60
97 クラブ 130 50 100 50 50 70
98 キングラー 130 55 115 50 50 75
99 ビリリダマ 30 40 55 70 55 30
100 マルマイン 60 65 95 100 90 45
101 タマタマ 35 60 30 35 30 60
102 ナッシー 70 100 65 70 65 90
103 カラカラ 50 50 95 40 50 35
104 ガラガラ 70 70 115 50 70 45
105 サワムラー 120 50 53 35 110 87
106 エビワラー 105 75 62 35 115 76
107 ベロリンガ 35 70 55 100 70 115
108 ドガース 65 50 55 35 45 45
109 マタドガス 95 65 79 50 77 90
110 サイホーン 85 65 65 30 30 60
111 サイドン 110 100 120 45 45 55
112 ラッキー 5 250 5 35 105 50
113 モンジャラ 80 95 85 60 70 85
114 ガルーラ 95 90 85 75 95 85
115 タッツー 67 45 55 45 55 85
116 シードラ 85 65 95 95 45 85
117 トサキント 90 60 45 90 45 60
118 アズマオウ 95 70 70 95 70 60
119 ヒトデマン 48 50 95 43 55 45
120 スターミー 75 60 85 100 85 115
121 バリヤード 50 40 105 40 105 40
122 マルカゴ 65 65 95 60 45 35
123 エクスギジュ 95 80 105 95 70 50
124 ネクロズマ 100 100 100 85 85 85
125 キマワリ 75 80 60 50 60 70
126 ヤドラン 65 95 110 95 95 80
127 コイキング 10 20 15 15 20 80
128 ギャラドス 125 95 79 60 100 81
129 ラプラス 85 130 80 85 95 60
130 メタモン 48 48 48 48 48 48
131 イーブイ 55 55 50 45 65 55
132 シャワーズ 50 130 65 65 95 65
133 サンダース 65 65 60 110 95 100
134 ブースター 85 60 65 100 75 110
135 ピッピ 45 70 48 60 65 43
136 ピクシー 50 75 53 65 70 50
137 プリン 48 60 65 43 50 42
138 プクリン 55 80 85 60 70 55
139 ブルー 80 100 115 95 125 80
140 マリル 30 70 50 20 50 40
141 マリルリ 50 110 80 60 100 50
142 ヨーギラス 70 50 50 35 35 20
143 サナギラス 85 65 65 50 50 35
144 バンギラス 130 100 120 80 80 50
145 ヒマナッツ 35 50 95 35 55 35
146 キレイハナ 70 100 90 80 120 40
147 エレキッド 63 45 35 65 55 95
148 ブビィ 60 40 40 65 45 95
149 ミルタンク 80 95 105 40 70 100
150 ウパー 50 55 45 25 25 15
151 ニョロトノ 65 60 50 40 40 70